time,count
2025-08-20,102
2025-08-21,84
2025-08-22,31
2025-08-23,59
2025-08-24,138
2025-08-25,133
2025-08-26,91
2025-08-27,46
2025-08-28,731
2025-08-29,440
2025-08-30,313
2025-08-31,267
2025-09-01,279
2025-09-02,733
2025-09-03,2370
2025-09-04,1003
2025-09-05,469
2025-09-06,468
2025-09-07,395
2025-09-08,302
2025-09-09,205
2025-09-10,213
2025-09-11,288
2025-09-12,345
2025-09-13,228
2025-09-14,10
2025-09-15,13
2025-09-16,101
2025-09-17,24
